SYSNOISE RESULTS FILE
Rev 5.6    Windows XP    MAR2003
SYSNOISE Default Model                                                          
10-NOV-2016 20:18:41
FREQUENCY
      0.31500000E+02
PRESSURE VALUES
         1         1      0.54580611E+00     -0.52831474E+00      0.75961884E+00
                         -0.44067057E+02      0.88581015E+02      0.53713163E+00
         2         2      0.56747232E+00     -0.53026244E+00      0.77666150E+00
                         -0.43058590E+02      0.88773736E+02      0.54918261E+00
         3         3      0.56747237E+00     -0.53026245E+00      0.77666155E+00
                         -0.43058588E+02      0.88773736E+02      0.54918265E+00
         4         4      0.73368101E+00     -0.56184066E+00      0.92409564E+00
                         -0.37444289E+02      0.90283439E+02      0.65343430E+00
         5         5      0.73368100E+00     -0.56184066E+00      0.92409563E+00
                         -0.37444289E+02      0.90283438E+02      0.65343429E+00
         6         6      0.72732871E+00     -0.56124562E+00      0.91869674E+00
                         -0.37655693E+02      0.90232544E+02      0.64961669E+00
         7         7      0.84167260E+00     -0.58964734E+00      0.10276657E+01
                         -0.35013785E+02      0.91206137E+02      0.72666937E+00
         8         8      0.83894888E+00     -0.58938494E+00      0.10252852E+01
                         -0.35089109E+02      0.91185994E+02      0.72498615E+00
         9         9      0.84167260E+00     -0.58964734E+00      0.10276657E+01
                         -0.35013785E+02      0.91206137E+02      0.72666937E+00
        10        10      0.91501323E+00     -0.61191575E+00      0.11007680E+01
                         -0.33772655E+02      0.91803016E+02      0.77836048E+00
VELOCITY VALUES
         1         1     -0.44329140E-03     -0.36203005E-02      0.70405599E-11
                          0.13334780E-09      0.26100390E-03      0.15386687E-02
         2         2     -0.21716519E-03     -0.17687171E-02      0.44568214E-03
                          0.37358010E-02      0.24479564E-03      0.13660443E-02
         3         3     -0.21716513E-03     -0.17687164E-02     -0.44568233E-03
                         -0.37358027E-02      0.24479549E-03      0.13660429E-02
         4         4      0.20582372E-03      0.19766207E-02     -0.36641418E-03
                         -0.35257104E-02      0.47024610E-04     -0.93241230E-03
         5         5      0.20582372E-03      0.19766208E-02      0.36641417E-03
                          0.35257104E-02      0.47024610E-04     -0.93241209E-03
         6         6     -0.41900375E-03     -0.40438889E-02      0.60856137E-11
                          0.10604352E-09      0.59899603E-04     -0.80430092E-03
         7         7     -0.15182769E-03     -0.15812422E-02     -0.26440457E-03
                         -0.27534802E-02     -0.97153842E-04     -0.27298782E-02
         8         8      0.30652011E-03      0.31841096E-02      0.94551436E-12
                          0.91504136E-11     -0.95368519E-04     -0.27034239E-02
         9         9     -0.15182769E-03     -0.15812423E-02      0.26440457E-03
                          0.27534802E-02     -0.97153836E-04     -0.27298782E-02
        10        10     -0.35880259E-12      0.13643578E-10      0.11515651E-11
                         -0.12168577E-10     -0.21576092E-03     -0.42866569E-02
INTENSITY VALUES
         1         1      0.83535348E-03      0.11050898E-02     -0.33303413E-10
                         -0.38250837E-10     -0.33522192E-03     -0.48885350E-03
         2         2      0.40732450E-03      0.55942626E-03     -0.86402134E-03
                         -0.11781461E-02     -0.29272361E-03     -0.45249912E-03
         3         3      0.40732434E-03      0.55942611E-03      0.86402175E-03
                          0.11781467E-02     -0.29272329E-03     -0.45249873E-03
         4         4     -0.47976845E-03     -0.78292460E-03      0.85602816E-03
                          0.13963066E-02      0.27918410E-03      0.32883643E-03
         5         5     -0.47976849E-03     -0.78292462E-03     -0.85602816E-03
                         -0.13963065E-02      0.27918404E-03      0.32883635E-03
         6         6      0.98243074E-03      0.15882003E-02     -0.27545111E-10
                         -0.40272011E-10      0.24748854E-03      0.27568638E-03
         7         7      0.40229302E-03      0.71020650E-03      0.70052010E-03
                          0.12367171E-02      0.76394685E-03      0.11774751E-02
         8         8     -0.80975577E-03     -0.14259818E-02     -0.22999389E-11
                         -0.41170006E-11      0.75667401E-03      0.11621216E-02
         9         9      0.40229304E-03      0.71020654E-03     -0.70052010E-03
                         -0.12367171E-02      0.76394685E-03      0.11774751E-02
        10        10     -0.43385146E-11     -0.61322485E-11      0.42499205E-11
                          0.52148738E-11      0.12128244E-02      0.20271876E-02
SYSNOISE RESULTS FILE
Rev 5.6    Windows XP    MAR2003
SYSNOISE Default Model                                                          
10-NOV-2016 20:18:41
FREQUENCY
      0.40000000E+02
PRESSURE VALUES
         1         1      0.43329121E+00     -0.63517569E+00      0.76888843E+00
                         -0.55699770E+02      0.88686367E+02      0.54368623E+00
         2         2      0.45866737E+00     -0.63979746E+00      0.78722077E+00
                         -0.54363464E+02      0.88891031E+02      0.55664915E+00
         3         3      0.45866744E+00     -0.63979747E+00      0.78722082E+00
                         -0.54363460E+02      0.88891032E+02      0.55664918E+00
         4         4      0.65007919E+00     -0.70777017E+00      0.96101070E+00
                         -0.47432864E+02      0.90623665E+02      0.67953718E+00
         5         5      0.65007917E+00     -0.70777017E+00      0.96101068E+00
                         -0.47432865E+02      0.90623664E+02      0.67953717E+00
         6         6      0.64249681E+00     -0.70633678E+00      0.95483705E+00
                         -0.47709773E+02      0.90567685E+02      0.67517175E+00
         7         7      0.77301651E+00     -0.76682172E+00      0.10888389E+01
                         -0.44769500E+02      0.91708372E+02      0.76992535E+00
         8         8      0.76987534E+00     -0.76624177E+00      0.10862019E+01
                         -0.44864471E+02      0.91687311E+02      0.76806071E+00
         9         9      0.77301650E+00     -0.76682172E+00      0.10888389E+01
                         -0.44769500E+02      0.91708372E+02      0.76992534E+00
        10        10      0.85475677E+00     -0.81366994E+00      0.11801135E+01
                         -0.43589314E+02      0.92407576E+02      0.83446627E+00
VELOCITY VALUES
         1         1     -0.70891960E-03     -0.31817253E-02      0.13410368E-10
                          0.12093028E-09      0.45632740E-03      0.14152884E-02
         2         2     -0.34613662E-03     -0.15523603E-02      0.72379737E-03
                          0.33027602E-02      0.42759701E-03      0.12602850E-02
         3         3     -0.34613652E-03     -0.15523597E-02     -0.72379770E-03
                         -0.33027617E-02      0.42759676E-03      0.12602838E-02
         4         4      0.33711138E-03      0.17486524E-02     -0.60258363E-03
                         -0.31246320E-02      0.87524205E-04     -0.80573128E-03
         5         5      0.33711138E-03      0.17486525E-02      0.60258363E-03
                          0.31246320E-02      0.87524208E-04     -0.80573108E-03
         6         6     -0.68844438E-03     -0.35819153E-02      0.12158638E-10
                          0.99420958E-10      0.11071105E-03     -0.68800759E-03
         7         7     -0.25297181E-03     -0.14029263E-02     -0.44091906E-03
                         -0.24440649E-02     -0.16290862E-03     -0.24232160E-02
         8         8      0.51117950E-03      0.28268017E-02      0.29784070E-11
                          0.14213990E-10     -0.15964442E-03     -0.23993372E-02
         9         9     -0.25297182E-03     -0.14029264E-02      0.44091907E-03
                          0.24440649E-02     -0.16290861E-03     -0.24232160E-02
        10        10     -0.55449308E-12      0.13134013E-10      0.31150556E-11
                         -0.66362418E-11     -0.37307782E-03     -0.38203733E-02
INTENSITY VALUES
         1         1      0.85689297E-03      0.91445105E-03     -0.35500691E-10
                         -0.30457984E-10     -0.35061707E-03     -0.45154005E-03
         2         2      0.41721731E-03      0.46673718E-03     -0.89055766E-03
                         -0.98897602E-03     -0.30510117E-03     -0.42581355E-03
         3         3      0.41721714E-03      0.46673707E-03      0.89055808E-03
                          0.98897660E-03     -0.30510084E-03     -0.42581324E-03
         4         4     -0.50924746E-03     -0.68767996E-03      0.90989712E-03
                          0.12288745E-02      0.31358511E-03      0.23092106E-03
         5         5     -0.50924749E-03     -0.68767997E-03     -0.90989711E-03
                         -0.12288744E-02      0.31358504E-03      0.23092098E-03
         6         6      0.10438576E-02      0.13938214E-02     -0.31206397E-10
                         -0.36232871E-10      0.27854828E-03      0.18192170E-03
         7         7      0.44012150E-03      0.63923475E-03      0.76666216E-03
                          0.11137044E-02      0.86612180E-03      0.99905391E-03
         8         8     -0.88623454E-03     -0.12839860E-02     -0.42991756E-11
                         -0.66125904E-11      0.85778305E-03      0.98475840E-03
         9         9      0.44012152E-03      0.63923477E-03     -0.76666216E-03
                         -0.11137044E-02      0.86612180E-03      0.99905390E-03
        10        10     -0.55803542E-11     -0.53876062E-11      0.40311627E-11
                          0.15688727E-11      0.13948160E-02      0.17845261E-02
